The best Fitness Value was: 0.779998
The final iteration was: 118163
The Species coefficients are: 
m1Y00 = 0.396323
m1Y01 = 0.158452
m1Y02 = -0.433614
m1Y03 = 0.0398748
m1Y04 = 0.383072
m1Y05 = 0.0617139
m1Y06 = -0.424232
m1Y07 = 0.319966
m1Y08 = 0.221001
m1Y09 = -0.216231
m1Y010 = -0.240747
m1Y011 = 0.127973
m1Y012 = 0.15771
